0.000000 0.050000 -1.000000 0.000000 
0.050000 0.100000 -1.000000 0.000000 
0.100000 0.150000 -1.000000 0.000000 
0.150000 0.200000 -1.000000 0.000000 
0.200000 0.250000 -1.000000 0.000000 
0.250000 0.300000 -1.000000 0.000000 
0.300000 0.350000 -1.000000 0.000000 
0.350000 0.400000 -1.000000 0.000000 
0.400000 0.450000 -1.000000 0.000000 
0.450000 0.500000 -1.000000 0.000000 
0.500000 0.550000 -1.000000 0.000000 
0.550000 0.600000 -1.000000 0.000000 
0.600000 0.650000 -1.000000 0.000000 
0.650000 0.700000 -1.000000 0.000000 
0.700000 0.750000 -1.000000 0.000000 
0.750000 0.800000 -1.000000 0.000000 
0.800000 0.850000 -1.000000 0.000000 
0.850000 0.900000 -1.000000 0.000000 
0.900000 0.950000 -1.000000 0.000000 
0.950000 1.000000 -1.000000 0.000000 
1.000000 1.050000 -1.000000 0.000000 
1.050000 1.100000 -1.000000 0.000000 
1.100000 1.150000 -1.000000 0.000000 
1.150000 1.200000 -1.000000 0.000000 
1.200000 1.250000 -1.000000 0.000000 
1.250000 1.300000 -1.000000 0.000000 
1.300000 1.350000 -1.000000 0.000000 
1.350000 1.400000 -1.000000 0.000000 
1.400000 1.450000 -1.000000 0.000000 
1.450000 1.500000 -1.000000 0.000000 
1.500000 1.550000 -1.000000 0.000000 
1.550000 1.600000 -1.000000 0.000000 
1.600000 1.650000 -1.000000 0.000000 
1.650000 1.700000 -1.000000 0.000000 
1.700000 1.750000 -1.000000 0.000000 
1.750000 1.800000 -1.000000 0.000000 
1.800000 1.850000 -1.000000 0.000000 
1.850000 1.900000 -1.000000 0.000000 
1.900000 1.918552 -1.000000 0.000000 
0.000000 0.050000 0.000000 203.650000 
0.050000 0.100000 0.000000 203.650000 
0.100000 0.150000 0.000000 203.650000 
0.150000 0.200000 0.000000 203.650000 
0.200000 0.250000 0.000000 203.650000 
0.250000 0.300000 0.000000 203.650000 
0.300000 0.350000 0.000000 203.650000 
0.350000 0.400000 0.000000 203.650000 
0.400000 0.450000 0.000000 203.650000 
0.450000 0.500000 0.000000 203.650000 
0.500000 0.550000 0.000000 203.650000 
0.550000 0.600000 0.000000 203.650000 
0.600000 0.650000 0.000000 203.650000 
0.650000 0.700000 0.000000 203.650000 
0.700000 0.750000 0.000000 203.650000 
0.750000 0.800000 0.000000 203.650000 
0.800000 0.850000 0.000000 203.650000 
0.850000 0.900000 0.000000 203.650000 
0.900000 0.950000 0.000000 203.650000 
0.950000 1.000000 0.000000 203.650000 
1.000000 1.050000 0.000000 203.650000 
1.050000 1.100000 0.000000 203.650000 
1.100000 1.150000 0.000000 203.650000 
1.150000 1.200000 0.000000 203.650000 
1.200000 1.250000 0.000000 203.650000 
1.250000 1.300000 0.000000 203.650000 
1.300000 1.350000 0.000000 203.650000 
1.350000 1.400000 0.000000 203.650000 
1.400000 1.450000 0.000000 203.650000 
1.450000 1.500000 0.000000 203.650000 
1.500000 1.550000 0.000000 203.650000 
1.550000 1.600000 0.000000 203.650000 
1.600000 1.650000 0.000000 203.650000 
1.650000 1.700000 0.000000 203.650000 
1.700000 1.750000 0.000000 203.650000 
1.750000 1.800000 0.000000 203.650000 
1.800000 1.850000 0.000000 203.650000 
1.850000 1.900000 0.000000 203.650000 
1.900000 1.918552 0.000000 203.650000 
0.000000 0.050000 203.650000 407.300000 
0.050000 0.100000 203.650000 407.300000 
0.100000 0.150000 203.650000 407.300000 
0.150000 0.200000 203.650000 407.300000 
0.200000 0.250000 203.650000 407.300000 
0.250000 0.300000 203.650000 407.300000 
0.300000 0.350000 203.650000 407.300000 
0.350000 0.400000 203.650000 407.300000 
0.400000 0.450000 203.650000 407.300000 
0.450000 0.500000 203.650000 407.300000 
0.500000 0.550000 203.650000 407.300000 
0.550000 0.600000 203.650000 407.300000 
0.600000 0.650000 203.650000 407.300000 
0.650000 0.700000 203.650000 407.300000 
0.700000 0.750000 203.650000 407.300000 
0.750000 0.800000 203.650000 407.300000 
0.800000 0.850000 203.650000 407.300000 
0.850000 0.900000 203.650000 407.300000 
0.900000 0.950000 203.650000 407.300000 
0.950000 1.000000 203.650000 407.300000 
1.000000 1.050000 203.650000 407.300000 
1.050000 1.100000 203.650000 407.300000 
1.100000 1.150000 203.650000 407.300000 
1.150000 1.200000 203.650000 407.300000 
1.200000 1.250000 203.650000 407.300000 
1.250000 1.300000 203.650000 407.300000 
1.300000 1.350000 203.650000 407.300000 
1.350000 1.400000 203.650000 407.300000 
1.400000 1.450000 203.650000 407.300000 
1.450000 1.500000 203.650000 407.300000 
1.500000 1.550000 203.650000 407.300000 
1.550000 1.600000 203.650000 407.300000 
1.600000 1.650000 203.650000 407.300000 
1.650000 1.700000 203.650000 407.300000 
1.700000 1.750000 203.650000 407.300000 
1.750000 1.800000 203.650000 407.300000 
1.800000 1.850000 203.650000 407.300000 
1.850000 1.900000 203.650000 407.300000 
1.900000 1.918552 203.650000 407.300000 
0.000000 0.050000 407.300000 610.950000 
0.050000 0.100000 407.300000 610.950000 
0.100000 0.150000 407.300000 610.950000 
0.150000 0.200000 407.300000 610.950000 
0.200000 0.250000 407.300000 610.950000 
0.250000 0.300000 407.300000 610.950000 
0.300000 0.350000 407.300000 610.950000 
0.350000 0.400000 407.300000 610.950000 
0.400000 0.450000 407.300000 610.950000 
0.450000 0.500000 407.300000 610.950000 
0.500000 0.550000 407.300000 610.950000 
0.550000 0.600000 407.300000 610.950000 
0.600000 0.650000 407.300000 610.950000 
0.650000 0.700000 407.300000 610.950000 
0.700000 0.750000 407.300000 610.950000 
0.750000 0.800000 407.300000 610.950000 
0.800000 0.850000 407.300000 610.950000 
0.850000 0.900000 407.300000 610.950000 
0.900000 0.950000 407.300000 610.950000 
0.950000 1.000000 407.300000 610.950000 
1.000000 1.050000 407.300000 610.950000 
1.050000 1.100000 407.300000 610.950000 
1.100000 1.150000 407.300000 610.950000 
1.150000 1.200000 407.300000 610.950000 
1.200000 1.250000 407.300000 610.950000 
1.250000 1.300000 407.300000 610.950000 
1.300000 1.350000 407.300000 610.950000 
1.350000 1.400000 407.300000 610.950000 
1.400000 1.450000 407.300000 610.950000 
1.450000 1.500000 407.300000 610.950000 
1.500000 1.550000 407.300000 610.950000 
1.550000 1.600000 407.300000 610.950000 
1.600000 1.650000 407.300000 610.950000 
1.650000 1.700000 407.300000 610.950000 
1.700000 1.750000 407.300000 610.950000 
1.750000 1.800000 407.300000 610.950000 
1.800000 1.850000 407.300000 610.950000 
1.850000 1.900000 407.300000 610.950000 
1.900000 1.918552 407.300000 610.950000 
0.000000 0.050000 610.950000 814.600000 
0.050000 0.100000 610.950000 814.600000 
0.100000 0.150000 610.950000 814.600000 
0.150000 0.200000 610.950000 814.600000 
0.200000 0.250000 610.950000 814.600000 
0.250000 0.300000 610.950000 814.600000 
0.300000 0.350000 610.950000 814.600000 
0.350000 0.400000 610.950000 814.600000 
0.400000 0.450000 610.950000 814.600000 
0.450000 0.500000 610.950000 814.600000 
0.500000 0.550000 610.950000 814.600000 
0.550000 0.600000 610.950000 814.600000 
0.600000 0.650000 610.950000 814.600000 
0.650000 0.700000 610.950000 814.600000 
0.700000 0.750000 610.950000 814.600000 
0.750000 0.800000 610.950000 814.600000 
0.800000 0.850000 610.950000 814.600000 
0.850000 0.900000 610.950000 814.600000 
0.900000 0.950000 610.950000 814.600000 
0.950000 1.000000 610.950000 814.600000 
1.000000 1.050000 610.950000 814.600000 
1.050000 1.100000 610.950000 814.600000 
1.100000 1.150000 610.950000 814.600000 
1.150000 1.200000 610.950000 814.600000 
1.200000 1.250000 610.950000 814.600000 
1.250000 1.300000 610.950000 814.600000 
1.300000 1.350000 610.950000 814.600000 
1.350000 1.400000 610.950000 814.600000 
1.400000 1.450000 610.950000 814.600000 
1.450000 1.500000 610.950000 814.600000 
1.500000 1.550000 610.950000 814.600000 
1.550000 1.600000 610.950000 814.600000 
1.600000 1.650000 610.950000 814.600000 
1.650000 1.700000 610.950000 814.600000 
1.700000 1.750000 610.950000 814.600000 
1.750000 1.800000 610.950000 814.600000 
1.800000 1.850000 610.950000 814.600000 
1.850000 1.900000 610.950000 814.600000 
1.900000 1.918552 610.950000 814.600000 
0.000000 0.050000 814.600000 1018.250000 
0.050000 0.100000 814.600000 1018.250000 
0.100000 0.150000 814.600000 1018.250000 
0.150000 0.200000 814.600000 1018.250000 
0.200000 0.250000 814.600000 1018.250000 
0.250000 0.300000 814.600000 1018.250000 
0.300000 0.350000 814.600000 1018.250000 
0.350000 0.400000 814.600000 1018.250000 
0.400000 0.450000 814.600000 1018.250000 
0.450000 0.500000 814.600000 1018.250000 
0.500000 0.550000 814.600000 1018.250000 
0.550000 0.600000 814.600000 1018.250000 
0.600000 0.650000 814.600000 1018.250000 
0.650000 0.700000 814.600000 1018.250000 
0.700000 0.750000 814.600000 1018.250000 
0.750000 0.800000 814.600000 1018.250000 
0.800000 0.850000 814.600000 1018.250000 
0.850000 0.900000 814.600000 1018.250000 
0.900000 0.950000 814.600000 1018.250000 
0.950000 1.000000 814.600000 1018.250000 
1.000000 1.050000 814.600000 1018.250000 
1.050000 1.100000 814.600000 1018.250000 
1.100000 1.150000 814.600000 1018.250000 
1.150000 1.200000 814.600000 1018.250000 
1.200000 1.250000 814.600000 1018.250000 
1.250000 1.300000 814.600000 1018.250000 
1.300000 1.350000 814.600000 1018.250000 
1.350000 1.400000 814.600000 1018.250000 
1.400000 1.450000 814.600000 1018.250000 
1.450000 1.500000 814.600000 1018.250000 
1.500000 1.550000 814.600000 1018.250000 
1.550000 1.600000 814.600000 1018.250000 
1.600000 1.650000 814.600000 1018.250000 
1.650000 1.700000 814.600000 1018.250000 
1.700000 1.750000 814.600000 1018.250000 
1.750000 1.800000 814.600000 1018.250000 
1.800000 1.850000 814.600000 1018.250000 
1.850000 1.900000 814.600000 1018.250000 
1.900000 1.918552 814.600000 1018.250000 
0.000000 0.050000 1018.250000 1221.900000 
0.050000 0.100000 1018.250000 1221.900000 
0.100000 0.150000 1018.250000 1221.900000 
0.150000 0.200000 1018.250000 1221.900000 
0.200000 0.250000 1018.250000 1221.900000 
0.250000 0.300000 1018.250000 1221.900000 
0.300000 0.350000 1018.250000 1221.900000 
0.350000 0.400000 1018.250000 1221.900000 
0.400000 0.450000 1018.250000 1221.900000 
0.450000 0.500000 1018.250000 1221.900000 
0.500000 0.550000 1018.250000 1221.900000 
0.550000 0.600000 1018.250000 1221.900000 
0.600000 0.650000 1018.250000 1221.900000 
0.650000 0.700000 1018.250000 1221.900000 
0.700000 0.750000 1018.250000 1221.900000 
0.750000 0.800000 1018.250000 1221.900000 
0.800000 0.850000 1018.250000 1221.900000 
0.850000 0.900000 1018.250000 1221.900000 
0.900000 0.950000 1018.250000 1221.900000 
0.950000 1.000000 1018.250000 1221.900000 
1.000000 1.050000 1018.250000 1221.900000 
1.050000 1.100000 1018.250000 1221.900000 
1.100000 1.150000 1018.250000 1221.900000 
1.150000 1.200000 1018.250000 1221.900000 
1.200000 1.250000 1018.250000 1221.900000 
1.250000 1.300000 1018.250000 1221.900000 
1.300000 1.350000 1018.250000 1221.900000 
1.350000 1.400000 1018.250000 1221.900000 
1.400000 1.450000 1018.250000 1221.900000 
1.450000 1.500000 1018.250000 1221.900000 
1.500000 1.550000 1018.250000 1221.900000 
1.550000 1.600000 1018.250000 1221.900000 
1.600000 1.650000 1018.250000 1221.900000 
1.650000 1.700000 1018.250000 1221.900000 
1.700000 1.750000 1018.250000 1221.900000 
1.750000 1.800000 1018.250000 1221.900000 
1.800000 1.850000 1018.250000 1221.900000 
1.850000 1.900000 1018.250000 1221.900000 
1.900000 1.918552 1018.250000 1221.900000 
0.000000 0.050000 1221.900000 1425.550000 
0.050000 0.100000 1221.900000 1425.550000 
0.100000 0.150000 1221.900000 1425.550000 
0.150000 0.200000 1221.900000 1425.550000 
0.200000 0.250000 1221.900000 1425.550000 
0.250000 0.300000 1221.900000 1425.550000 
0.300000 0.350000 1221.900000 1425.550000 
0.350000 0.400000 1221.900000 1425.550000 
0.400000 0.450000 1221.900000 1425.550000 
0.450000 0.500000 1221.900000 1425.550000 
0.500000 0.550000 1221.900000 1425.550000 
0.550000 0.600000 1221.900000 1425.550000 
0.600000 0.650000 1221.900000 1425.550000 
0.650000 0.700000 1221.900000 1425.550000 
0.700000 0.750000 1221.900000 1425.550000 
0.750000 0.800000 1221.900000 1425.550000 
0.800000 0.850000 1221.900000 1425.550000 
0.850000 0.900000 1221.900000 1425.550000 
0.900000 0.950000 1221.900000 1425.550000 
0.950000 1.000000 1221.900000 1425.550000 
1.000000 1.050000 1221.900000 1425.550000 
1.050000 1.100000 1221.900000 1425.550000 
1.100000 1.150000 1221.900000 1425.550000 
1.150000 1.200000 1221.900000 1425.550000 
1.200000 1.250000 1221.900000 1425.550000 
1.250000 1.300000 1221.900000 1425.550000 
1.300000 1.350000 1221.900000 1425.550000 
1.350000 1.400000 1221.900000 1425.550000 
1.400000 1.450000 1221.900000 1425.550000 
1.450000 1.500000 1221.900000 1425.550000 
1.500000 1.550000 1221.900000 1425.550000 
1.550000 1.600000 1221.900000 1425.550000 
1.600000 1.650000 1221.900000 1425.550000 
1.650000 1.700000 1221.900000 1425.550000 
1.700000 1.750000 1221.900000 1425.550000 
1.750000 1.800000 1221.900000 1425.550000 
1.800000 1.850000 1221.900000 1425.550000 
1.850000 1.900000 1221.900000 1425.550000 
1.900000 1.918552 1221.900000 1425.550000 
0.000000 0.050000 1425.550000 1629.200000 
0.050000 0.100000 1425.550000 1629.200000 
0.100000 0.150000 1425.550000 1629.200000 
0.150000 0.200000 1425.550000 1629.200000 
0.200000 0.250000 1425.550000 1629.200000 
0.250000 0.300000 1425.550000 1629.200000 
0.300000 0.350000 1425.550000 1629.200000 
0.350000 0.400000 1425.550000 1629.200000 
0.400000 0.450000 1425.550000 1629.200000 
0.450000 0.500000 1425.550000 1629.200000 
0.500000 0.550000 1425.550000 1629.200000 
0.550000 0.600000 1425.550000 1629.200000 
0.600000 0.650000 1425.550000 1629.200000 
0.650000 0.700000 1425.550000 1629.200000 
0.700000 0.750000 1425.550000 1629.200000 
0.750000 0.800000 1425.550000 1629.200000 
0.800000 0.850000 1425.550000 1629.200000 
0.850000 0.900000 1425.550000 1629.200000 
0.900000 0.950000 1425.550000 1629.200000 
0.950000 1.000000 1425.550000 1629.200000 
1.000000 1.050000 1425.550000 1629.200000 
1.050000 1.100000 1425.550000 1629.200000 
1.100000 1.150000 1425.550000 1629.200000 
1.150000 1.200000 1425.550000 1629.200000 
1.200000 1.250000 1425.550000 1629.200000 
1.250000 1.300000 1425.550000 1629.200000 
1.300000 1.350000 1425.550000 1629.200000 
1.350000 1.400000 1425.550000 1629.200000 
1.400000 1.450000 1425.550000 1629.200000 
1.450000 1.500000 1425.550000 1629.200000 
1.500000 1.550000 1425.550000 1629.200000 
1.550000 1.600000 1425.550000 1629.200000 
1.600000 1.650000 1425.550000 1629.200000 
1.650000 1.700000 1425.550000 1629.200000 
1.700000 1.750000 1425.550000 1629.200000 
1.750000 1.800000 1425.550000 1629.200000 
1.800000 1.850000 1425.550000 1629.200000 
1.850000 1.900000 1425.550000 1629.200000 
1.900000 1.918552 1425.550000 1629.200000 
0.000000 0.050000 1629.200000 1832.850000 
0.050000 0.100000 1629.200000 1832.850000 
0.100000 0.150000 1629.200000 1832.850000 
0.150000 0.200000 1629.200000 1832.850000 
0.200000 0.250000 1629.200000 1832.850000 
0.250000 0.300000 1629.200000 1832.850000 
0.300000 0.350000 1629.200000 1832.850000 
0.350000 0.400000 1629.200000 1832.850000 
0.400000 0.450000 1629.200000 1832.850000 
0.450000 0.500000 1629.200000 1832.850000 
0.500000 0.550000 1629.200000 1832.850000 
0.550000 0.600000 1629.200000 1832.850000 
0.600000 0.650000 1629.200000 1832.850000 
0.650000 0.700000 1629.200000 1832.850000 
0.700000 0.750000 1629.200000 1832.850000 
0.750000 0.800000 1629.200000 1832.850000 
0.800000 0.850000 1629.200000 1832.850000 
0.850000 0.900000 1629.200000 1832.850000 
0.900000 0.950000 1629.200000 1832.850000 
0.950000 1.000000 1629.200000 1832.850000 
1.000000 1.050000 1629.200000 1832.850000 
1.050000 1.100000 1629.200000 1832.850000 
1.100000 1.150000 1629.200000 1832.850000 
1.150000 1.200000 1629.200000 1832.850000 
1.200000 1.250000 1629.200000 1832.850000 
1.250000 1.300000 1629.200000 1832.850000 
1.300000 1.350000 1629.200000 1832.850000 
1.350000 1.400000 1629.200000 1832.850000 
1.400000 1.450000 1629.200000 1832.850000 
1.450000 1.500000 1629.200000 1832.850000 
1.500000 1.550000 1629.200000 1832.850000 
1.550000 1.600000 1629.200000 1832.850000 
1.600000 1.650000 1629.200000 1832.850000 
1.650000 1.700000 1629.200000 1832.850000 
1.700000 1.750000 1629.200000 1832.850000 
1.750000 1.800000 1629.200000 1832.850000 
1.800000 1.850000 1629.200000 1832.850000 
1.850000 1.900000 1629.200000 1832.850000 
1.900000 1.918552 1629.200000 1832.850000 
0.000000 0.050000 1832.850000 2036.500000 
0.050000 0.100000 1832.850000 2036.500000 
0.100000 0.150000 1832.850000 2036.500000 
0.150000 0.200000 1832.850000 2036.500000 
0.200000 0.250000 1832.850000 2036.500000 
0.250000 0.300000 1832.850000 2036.500000 
0.300000 0.350000 1832.850000 2036.500000 
0.350000 0.400000 1832.850000 2036.500000 
0.400000 0.450000 1832.850000 2036.500000 
0.450000 0.500000 1832.850000 2036.500000 
0.500000 0.550000 1832.850000 2036.500000 
0.550000 0.600000 1832.850000 2036.500000 
0.600000 0.650000 1832.850000 2036.500000 
0.650000 0.700000 1832.850000 2036.500000 
0.700000 0.750000 1832.850000 2036.500000 
0.750000 0.800000 1832.850000 2036.500000 
0.800000 0.850000 1832.850000 2036.500000 
0.850000 0.900000 1832.850000 2036.500000 
0.900000 0.950000 1832.850000 2036.500000 
0.950000 1.000000 1832.850000 2036.500000 
1.000000 1.050000 1832.850000 2036.500000 
1.050000 1.100000 1832.850000 2036.500000 
1.100000 1.150000 1832.850000 2036.500000 
1.150000 1.200000 1832.850000 2036.500000 
1.200000 1.250000 1832.850000 2036.500000 
1.250000 1.300000 1832.850000 2036.500000 
1.300000 1.350000 1832.850000 2036.500000 
1.350000 1.400000 1832.850000 2036.500000 
1.400000 1.450000 1832.850000 2036.500000 
1.450000 1.500000 1832.850000 2036.500000 
1.500000 1.550000 1832.850000 2036.500000 
1.550000 1.600000 1832.850000 2036.500000 
1.600000 1.650000 1832.850000 2036.500000 
1.650000 1.700000 1832.850000 2036.500000 
1.700000 1.750000 1832.850000 2036.500000 
1.750000 1.800000 1832.850000 2036.500000 
1.800000 1.850000 1832.850000 2036.500000 
1.850000 1.900000 1832.850000 2036.500000 
1.900000 1.918552 1832.850000 2036.500000 
0.000000 0.050000 2036.500000 2240.150000 
0.050000 0.100000 2036.500000 2240.150000 
0.100000 0.150000 2036.500000 2240.150000 
0.150000 0.200000 2036.500000 2240.150000 
0.200000 0.250000 2036.500000 2240.150000 
0.250000 0.300000 2036.500000 2240.150000 
0.300000 0.350000 2036.500000 2240.150000 
0.350000 0.400000 2036.500000 2240.150000 
0.400000 0.450000 2036.500000 2240.150000 
0.450000 0.500000 2036.500000 2240.150000 
0.500000 0.550000 2036.500000 2240.150000 
0.550000 0.600000 2036.500000 2240.150000 
0.600000 0.650000 2036.500000 2240.150000 
0.650000 0.700000 2036.500000 2240.150000 
0.700000 0.750000 2036.500000 2240.150000 
0.750000 0.800000 2036.500000 2240.150000 
0.800000 0.850000 2036.500000 2240.150000 
0.850000 0.900000 2036.500000 2240.150000 
0.900000 0.950000 2036.500000 2240.150000 
0.950000 1.000000 2036.500000 2240.150000 
1.000000 1.050000 2036.500000 2240.150000 
1.050000 1.100000 2036.500000 2240.150000 
1.100000 1.150000 2036.500000 2240.150000 
1.150000 1.200000 2036.500000 2240.150000 
1.200000 1.250000 2036.500000 2240.150000 
1.250000 1.300000 2036.500000 2240.150000 
1.300000 1.350000 2036.500000 2240.150000 
1.350000 1.400000 2036.500000 2240.150000 
1.400000 1.450000 2036.500000 2240.150000 
1.450000 1.500000 2036.500000 2240.150000 
1.500000 1.550000 2036.500000 2240.150000 
1.550000 1.600000 2036.500000 2240.150000 
1.600000 1.650000 2036.500000 2240.150000 
1.650000 1.700000 2036.500000 2240.150000 
1.700000 1.750000 2036.500000 2240.150000 
1.750000 1.800000 2036.500000 2240.150000 
1.800000 1.850000 2036.500000 2240.150000 
1.850000 1.900000 2036.500000 2240.150000 
1.900000 1.918552 2036.500000 2240.150000 
0.000000 0.050000 2240.150000 2443.800000 
0.050000 0.100000 2240.150000 2443.800000 
0.100000 0.150000 2240.150000 2443.800000 
0.150000 0.200000 2240.150000 2443.800000 
0.200000 0.250000 2240.150000 2443.800000 
0.250000 0.300000 2240.150000 2443.800000 
0.300000 0.350000 2240.150000 2443.800000 
0.350000 0.400000 2240.150000 2443.800000 
0.400000 0.450000 2240.150000 2443.800000 
0.450000 0.500000 2240.150000 2443.800000 
0.500000 0.550000 2240.150000 2443.800000 
0.550000 0.600000 2240.150000 2443.800000 
0.600000 0.650000 2240.150000 2443.800000 
0.650000 0.700000 2240.150000 2443.800000 
0.700000 0.750000 2240.150000 2443.800000 
0.750000 0.800000 2240.150000 2443.800000 
0.800000 0.850000 2240.150000 2443.800000 
0.850000 0.900000 2240.150000 2443.800000 
0.900000 0.950000 2240.150000 2443.800000 
0.950000 1.000000 2240.150000 2443.800000 
1.000000 1.050000 2240.150000 2443.800000 
1.050000 1.100000 2240.150000 2443.800000 
1.100000 1.150000 2240.150000 2443.800000 
1.150000 1.200000 2240.150000 2443.800000 
1.200000 1.250000 2240.150000 2443.800000 
1.250000 1.300000 2240.150000 2443.800000 
1.300000 1.350000 2240.150000 2443.800000 
1.350000 1.400000 2240.150000 2443.800000 
1.400000 1.450000 2240.150000 2443.800000 
1.450000 1.500000 2240.150000 2443.800000 
1.500000 1.550000 2240.150000 2443.800000 
1.550000 1.600000 2240.150000 2443.800000 
1.600000 1.650000 2240.150000 2443.800000 
1.650000 1.700000 2240.150000 2443.800000 
1.700000 1.750000 2240.150000 2443.800000 
1.750000 1.800000 2240.150000 2443.800000 
1.800000 1.850000 2240.150000 2443.800000 
1.850000 1.900000 2240.150000 2443.800000 
1.900000 1.918552 2240.150000 2443.800000 
0.000000 0.050000 2443.800000 2647.450000 
0.050000 0.100000 2443.800000 2647.450000 
0.100000 0.150000 2443.800000 2647.450000 
0.150000 0.200000 2443.800000 2647.450000 
0.200000 0.250000 2443.800000 2647.450000 
0.250000 0.300000 2443.800000 2647.450000 
0.300000 0.350000 2443.800000 2647.450000 
0.350000 0.400000 2443.800000 2647.450000 
0.400000 0.450000 2443.800000 2647.450000 
0.450000 0.500000 2443.800000 2647.450000 
0.500000 0.550000 2443.800000 2647.450000 
0.550000 0.600000 2443.800000 2647.450000 
0.600000 0.650000 2443.800000 2647.450000 
0.650000 0.700000 2443.800000 2647.450000 
0.700000 0.750000 2443.800000 2647.450000 
0.750000 0.800000 2443.800000 2647.450000 
0.800000 0.850000 2443.800000 2647.450000 
0.850000 0.900000 2443.800000 2647.450000 
0.900000 0.950000 2443.800000 2647.450000 
0.950000 1.000000 2443.800000 2647.450000 
1.000000 1.050000 2443.800000 2647.450000 
1.050000 1.100000 2443.800000 2647.450000 
1.100000 1.150000 2443.800000 2647.450000 
1.150000 1.200000 2443.800000 2647.450000 
1.200000 1.250000 2443.800000 2647.450000 
1.250000 1.300000 2443.800000 2647.450000 
1.300000 1.350000 2443.800000 2647.450000 
1.350000 1.400000 2443.800000 2647.450000 
1.400000 1.450000 2443.800000 2647.450000 
1.450000 1.500000 2443.800000 2647.450000 
1.500000 1.550000 2443.800000 2647.450000 
1.550000 1.600000 2443.800000 2647.450000 
1.600000 1.650000 2443.800000 2647.450000 
1.650000 1.700000 2443.800000 2647.450000 
1.700000 1.750000 2443.800000 2647.450000 
1.750000 1.800000 2443.800000 2647.450000 
1.800000 1.850000 2443.800000 2647.450000 
1.850000 1.900000 2443.800000 2647.450000 
1.900000 1.918552 2443.800000 2647.450000 
0.000000 0.050000 2647.450000 2851.100000 
0.050000 0.100000 2647.450000 2851.100000 
0.100000 0.150000 2647.450000 2851.100000 
0.150000 0.200000 2647.450000 2851.100000 
0.200000 0.250000 2647.450000 2851.100000 
0.250000 0.300000 2647.450000 2851.100000 
0.300000 0.350000 2647.450000 2851.100000 
0.350000 0.400000 2647.450000 2851.100000 
0.400000 0.450000 2647.450000 2851.100000 
0.450000 0.500000 2647.450000 2851.100000 
0.500000 0.550000 2647.450000 2851.100000 
0.550000 0.600000 2647.450000 2851.100000 
0.600000 0.650000 2647.450000 2851.100000 
0.650000 0.700000 2647.450000 2851.100000 
0.700000 0.750000 2647.450000 2851.100000 
0.750000 0.800000 2647.450000 2851.100000 
0.800000 0.850000 2647.450000 2851.100000 
0.850000 0.900000 2647.450000 2851.100000 
0.900000 0.950000 2647.450000 2851.100000 
0.950000 1.000000 2647.450000 2851.100000 
1.000000 1.050000 2647.450000 2851.100000 
1.050000 1.100000 2647.450000 2851.100000 
1.100000 1.150000 2647.450000 2851.100000 
1.150000 1.200000 2647.450000 2851.100000 
1.200000 1.250000 2647.450000 2851.100000 
1.250000 1.300000 2647.450000 2851.100000 
1.300000 1.350000 2647.450000 2851.100000 
1.350000 1.400000 2647.450000 2851.100000 
1.400000 1.450000 2647.450000 2851.100000 
1.450000 1.500000 2647.450000 2851.100000 
1.500000 1.550000 2647.450000 2851.100000 
1.550000 1.600000 2647.450000 2851.100000 
1.600000 1.650000 2647.450000 2851.100000 
1.650000 1.700000 2647.450000 2851.100000 
1.700000 1.750000 2647.450000 2851.100000 
1.750000 1.800000 2647.450000 2851.100000 
1.800000 1.850000 2647.450000 2851.100000 
1.850000 1.900000 2647.450000 2851.100000 
1.900000 1.918552 2647.450000 2851.100000 
0.000000 0.050000 2851.100000 3054.750000 
0.050000 0.100000 2851.100000 3054.750000 
0.100000 0.150000 2851.100000 3054.750000 
0.150000 0.200000 2851.100000 3054.750000 
0.200000 0.250000 2851.100000 3054.750000 
0.250000 0.300000 2851.100000 3054.750000 
0.300000 0.350000 2851.100000 3054.750000 
0.350000 0.400000 2851.100000 3054.750000 
0.400000 0.450000 2851.100000 3054.750000 
0.450000 0.500000 2851.100000 3054.750000 
0.500000 0.550000 2851.100000 3054.750000 
0.550000 0.600000 2851.100000 3054.750000 
0.600000 0.650000 2851.100000 3054.750000 
0.650000 0.700000 2851.100000 3054.750000 
0.700000 0.750000 2851.100000 3054.750000 
0.750000 0.800000 2851.100000 3054.750000 
0.800000 0.850000 2851.100000 3054.750000 
0.850000 0.900000 2851.100000 3054.750000 
0.900000 0.950000 2851.100000 3054.750000 
0.950000 1.000000 2851.100000 3054.750000 
1.000000 1.050000 2851.100000 3054.750000 
1.050000 1.100000 2851.100000 3054.750000 
1.100000 1.150000 2851.100000 3054.750000 
1.150000 1.200000 2851.100000 3054.750000 
1.200000 1.250000 2851.100000 3054.750000 
1.250000 1.300000 2851.100000 3054.750000 
1.300000 1.350000 2851.100000 3054.750000 
1.350000 1.400000 2851.100000 3054.750000 
1.400000 1.450000 2851.100000 3054.750000 
1.450000 1.500000 2851.100000 3054.750000 
1.500000 1.550000 2851.100000 3054.750000 
1.550000 1.600000 2851.100000 3054.750000 
1.600000 1.650000 2851.100000 3054.750000 
1.650000 1.700000 2851.100000 3054.750000 
1.700000 1.750000 2851.100000 3054.750000 
1.750000 1.800000 2851.100000 3054.750000 
1.800000 1.850000 2851.100000 3054.750000 
1.850000 1.900000 2851.100000 3054.750000 
1.900000 1.918552 2851.100000 3054.750000 
0.000000 0.050000 3054.750000 3258.400000 
0.050000 0.100000 3054.750000 3258.400000 
0.100000 0.150000 3054.750000 3258.400000 
0.150000 0.200000 3054.750000 3258.400000 
0.200000 0.250000 3054.750000 3258.400000 
0.250000 0.300000 3054.750000 3258.400000 
0.300000 0.350000 3054.750000 3258.400000 
0.350000 0.400000 3054.750000 3258.400000 
0.400000 0.450000 3054.750000 3258.400000 
0.450000 0.500000 3054.750000 3258.400000 
0.500000 0.550000 3054.750000 3258.400000 
0.550000 0.600000 3054.750000 3258.400000 
0.600000 0.650000 3054.750000 3258.400000 
0.650000 0.700000 3054.750000 3258.400000 
0.700000 0.750000 3054.750000 3258.400000 
0.750000 0.800000 3054.750000 3258.400000 
0.800000 0.850000 3054.750000 3258.400000 
0.850000 0.900000 3054.750000 3258.400000 
0.900000 0.950000 3054.750000 3258.400000 
0.950000 1.000000 3054.750000 3258.400000 
1.000000 1.050000 3054.750000 3258.400000 
1.050000 1.100000 3054.750000 3258.400000 
1.100000 1.150000 3054.750000 3258.400000 
1.150000 1.200000 3054.750000 3258.400000 
1.200000 1.250000 3054.750000 3258.400000 
1.250000 1.300000 3054.750000 3258.400000 
1.300000 1.350000 3054.750000 3258.400000 
1.350000 1.400000 3054.750000 3258.400000 
1.400000 1.450000 3054.750000 3258.400000 
1.450000 1.500000 3054.750000 3258.400000 
1.500000 1.550000 3054.750000 3258.400000 
1.550000 1.600000 3054.750000 3258.400000 
1.600000 1.650000 3054.750000 3258.400000 
1.650000 1.700000 3054.750000 3258.400000 
1.700000 1.750000 3054.750000 3258.400000 
1.750000 1.800000 3054.750000 3258.400000 
1.800000 1.850000 3054.750000 3258.400000 
1.850000 1.900000 3054.750000 3258.400000 
1.900000 1.918552 3054.750000 3258.400000 
0.000000 0.050000 3258.400000 3462.050000 
0.050000 0.100000 3258.400000 3462.050000 
0.100000 0.150000 3258.400000 3462.050000 
0.150000 0.200000 3258.400000 3462.050000 
0.200000 0.250000 3258.400000 3462.050000 
0.250000 0.300000 3258.400000 3462.050000 
0.300000 0.350000 3258.400000 3462.050000 
0.350000 0.400000 3258.400000 3462.050000 
0.400000 0.450000 3258.400000 3462.050000 
0.450000 0.500000 3258.400000 3462.050000 
0.500000 0.550000 3258.400000 3462.050000 
0.550000 0.600000 3258.400000 3462.050000 
0.600000 0.650000 3258.400000 3462.050000 
0.650000 0.700000 3258.400000 3462.050000 
0.700000 0.750000 3258.400000 3462.050000 
0.750000 0.800000 3258.400000 3462.050000 
0.800000 0.850000 3258.400000 3462.050000 
0.850000 0.900000 3258.400000 3462.050000 
0.900000 0.950000 3258.400000 3462.050000 
0.950000 1.000000 3258.400000 3462.050000 
1.000000 1.050000 3258.400000 3462.050000 
1.050000 1.100000 3258.400000 3462.050000 
1.100000 1.150000 3258.400000 3462.050000 
1.150000 1.200000 3258.400000 3462.050000 
1.200000 1.250000 3258.400000 3462.050000 
1.250000 1.300000 3258.400000 3462.050000 
1.300000 1.350000 3258.400000 3462.050000 
1.350000 1.400000 3258.400000 3462.050000 
1.400000 1.450000 3258.400000 3462.050000 
1.450000 1.500000 3258.400000 3462.050000 
1.500000 1.550000 3258.400000 3462.050000 
1.550000 1.600000 3258.400000 3462.050000 
1.600000 1.650000 3258.400000 3462.050000 
1.650000 1.700000 3258.400000 3462.050000 
1.700000 1.750000 3258.400000 3462.050000 
1.750000 1.800000 3258.400000 3462.050000 
1.800000 1.850000 3258.400000 3462.050000 
1.850000 1.900000 3258.400000 3462.050000 
1.900000 1.918552 3258.400000 3462.050000 
0.000000 0.050000 3462.050000 3665.700000 
0.050000 0.100000 3462.050000 3665.700000 
0.100000 0.150000 3462.050000 3665.700000 
0.150000 0.200000 3462.050000 3665.700000 
0.200000 0.250000 3462.050000 3665.700000 
0.250000 0.300000 3462.050000 3665.700000 
0.300000 0.350000 3462.050000 3665.700000 
0.350000 0.400000 3462.050000 3665.700000 
0.400000 0.450000 3462.050000 3665.700000 
0.450000 0.500000 3462.050000 3665.700000 
0.500000 0.550000 3462.050000 3665.700000 
0.550000 0.600000 3462.050000 3665.700000 
0.600000 0.650000 3462.050000 3665.700000 
0.650000 0.700000 3462.050000 3665.700000 
0.700000 0.750000 3462.050000 3665.700000 
0.750000 0.800000 3462.050000 3665.700000 
0.800000 0.850000 3462.050000 3665.700000 
0.850000 0.900000 3462.050000 3665.700000 
0.900000 0.950000 3462.050000 3665.700000 
0.950000 1.000000 3462.050000 3665.700000 
1.000000 1.050000 3462.050000 3665.700000 
1.050000 1.100000 3462.050000 3665.700000 
1.100000 1.150000 3462.050000 3665.700000 
1.150000 1.200000 3462.050000 3665.700000 
1.200000 1.250000 3462.050000 3665.700000 
1.250000 1.300000 3462.050000 3665.700000 
1.300000 1.350000 3462.050000 3665.700000 
1.350000 1.400000 3462.050000 3665.700000 
1.400000 1.450000 3462.050000 3665.700000 
1.450000 1.500000 3462.050000 3665.700000 
1.500000 1.550000 3462.050000 3665.700000 
1.550000 1.600000 3462.050000 3665.700000 
1.600000 1.650000 3462.050000 3665.700000 
1.650000 1.700000 3462.050000 3665.700000 
1.700000 1.750000 3462.050000 3665.700000 
1.750000 1.800000 3462.050000 3665.700000 
1.800000 1.850000 3462.050000 3665.700000 
1.850000 1.900000 3462.050000 3665.700000 
1.900000 1.918552 3462.050000 3665.700000 
0.000000 0.050000 3665.700000 3869.350000 
0.050000 0.100000 3665.700000 3869.350000 
0.100000 0.150000 3665.700000 3869.350000 
0.150000 0.200000 3665.700000 3869.350000 
0.200000 0.250000 3665.700000 3869.350000 
0.250000 0.300000 3665.700000 3869.350000 
0.300000 0.350000 3665.700000 3869.350000 
0.350000 0.400000 3665.700000 3869.350000 
0.400000 0.450000 3665.700000 3869.350000 
0.450000 0.500000 3665.700000 3869.350000 
0.500000 0.550000 3665.700000 3869.350000 
0.550000 0.600000 3665.700000 3869.350000 
0.600000 0.650000 3665.700000 3869.350000 
0.650000 0.700000 3665.700000 3869.350000 
0.700000 0.750000 3665.700000 3869.350000 
0.750000 0.800000 3665.700000 3869.350000 
0.800000 0.850000 3665.700000 3869.350000 
0.850000 0.900000 3665.700000 3869.350000 
0.900000 0.950000 3665.700000 3869.350000 
0.950000 1.000000 3665.700000 3869.350000 
1.000000 1.050000 3665.700000 3869.350000 
1.050000 1.100000 3665.700000 3869.350000 
1.100000 1.150000 3665.700000 3869.350000 
1.150000 1.200000 3665.700000 3869.350000 
1.200000 1.250000 3665.700000 3869.350000 
1.250000 1.300000 3665.700000 3869.350000 
1.300000 1.350000 3665.700000 3869.350000 
1.350000 1.400000 3665.700000 3869.350000 
1.400000 1.450000 3665.700000 3869.350000 
1.450000 1.500000 3665.700000 3869.350000 
1.500000 1.550000 3665.700000 3869.350000 
1.550000 1.600000 3665.700000 3869.350000 
1.600000 1.650000 3665.700000 3869.350000 
1.650000 1.700000 3665.700000 3869.350000 
1.700000 1.750000 3665.700000 3869.350000 
1.750000 1.800000 3665.700000 3869.350000 
1.800000 1.850000 3665.700000 3869.350000 
1.850000 1.900000 3665.700000 3869.350000 
1.900000 1.918552 3665.700000 3869.350000 
0.000000 0.050000 3869.350000 4073.000000 
0.050000 0.100000 3869.350000 4073.000000 
0.100000 0.150000 3869.350000 4073.000000 
0.150000 0.200000 3869.350000 4073.000000 
0.200000 0.250000 3869.350000 4073.000000 
0.250000 0.300000 3869.350000 4073.000000 
0.300000 0.350000 3869.350000 4073.000000 
0.350000 0.400000 3869.350000 4073.000000 
0.400000 0.450000 3869.350000 4073.000000 
0.450000 0.500000 3869.350000 4073.000000 
0.500000 0.550000 3869.350000 4073.000000 
0.550000 0.600000 3869.350000 4073.000000 
0.600000 0.650000 3869.350000 4073.000000 
0.650000 0.700000 3869.350000 4073.000000 
0.700000 0.750000 3869.350000 4073.000000 
0.750000 0.800000 3869.350000 4073.000000 
0.800000 0.850000 3869.350000 4073.000000 
0.850000 0.900000 3869.350000 4073.000000 
0.900000 0.950000 3869.350000 4073.000000 
0.950000 1.000000 3869.350000 4073.000000 
1.000000 1.050000 3869.350000 4073.000000 
1.050000 1.100000 3869.350000 4073.000000 
1.100000 1.150000 3869.350000 4073.000000 
1.150000 1.200000 3869.350000 4073.000000 
1.200000 1.250000 3869.350000 4073.000000 
1.250000 1.300000 3869.350000 4073.000000 
1.300000 1.350000 3869.350000 4073.000000 
1.350000 1.400000 3869.350000 4073.000000 
1.400000 1.450000 3869.350000 4073.000000 
1.450000 1.500000 3869.350000 4073.000000 
1.500000 1.550000 3869.350000 4073.000000 
1.550000 1.600000 3869.350000 4073.000000 
1.600000 1.650000 3869.350000 4073.000000 
1.650000 1.700000 3869.350000 4073.000000 
1.700000 1.750000 3869.350000 4073.000000 
1.750000 1.800000 3869.350000 4073.000000 
1.800000 1.850000 3869.350000 4073.000000 
1.850000 1.900000 3869.350000 4073.000000 
1.900000 1.918552 3869.350000 4073.000000 
